2019-10-20 18:38:22.119623,463.6199035644531,2930.025146484375,808.093505859375,1993.3558349609375,447.55999755859375,864.3367919921875
2019-10-20 18:45:28.621552,597.8583374023438,3498.780029296875,1175.9971923828125,2859.650146484375,455.161865234375,889.6557006835938
2019-10-20 18:57:21.636403,605.3160400390625,3525.0302734375,1207.28515625,2896.762939453125,460.8632507324219,890.52880859375
2019-10-20 18:57:34.884057,607.8019409179688,3528.7802734375,1209.4429931640625,2899.69287109375,461.8134765625,894.0210571289062
2019-10-20 18:58:01.188695,605.3160400390625,3525.0302734375,1205.12744140625,2897.73974609375,460.8632507324219,890.52880859375
2019-10-20 19:18:09.171296,601.5872192382812,3557.530517578125,1304.3858642578125,2999.31201171875,450.4106750488281,842.5100708007812
2019-10-20 19:18:46.170220,606.5590209960938,3560.030517578125,1315.1748046875,3007.125244140625,463.7139587402344,846.0023193359375
2019-10-20 19:20:01.032173,600.34423828125,3548.780517578125,1302.2281494140625,2993.451904296875,458.9627990722656,838.1447143554688
2019-10-20 19:22:00.814861,600.34423828125,3548.780517578125,1301.149169921875,2993.451904296875,458.9627990722656,837.2716674804688
2019-10-20 19:28:36.307199,601.5872192382812,3548.780517578125,1239.652099609375,2937.782470703125,457.06231689453125,867.8290405273438
2019-10-20 19:30:13.477793,546.8974609375,3038.776123046875,2764.1328125,3670.27490234375,578.6921997070312,397.2456970214844
2019-10-20 19:31:13.858475,548.140380859375,3040.026123046875,2766.290771484375,3672.228271484375,579.6424560546875,397.2456970214844
2019-10-20 19:36:15.069037,546.8974609375,3036.276123046875,2764.1328125,3668.321533203125,578.6921997070312,397.2456970214844
2019-10-20 20:27:57.917396,676.1641235351562,2791.27392578125,650.5745849609375,1744.308349609375,463.7139587402344,1383.8118896484375
2019-10-20 20:28:59.256470,676.1641235351562,2795.02392578125,649.4957275390625,1751.14501953125,461.8134765625,1385.5579833984375
2019-10-20 20:30:51.634202,676.1641235351562,2795.02392578125,651.6535034179688,1748.2149658203125,464.6641845703125,1383.8118896484375
2019-10-20 20:47:06.249690,693.5654296875,2693.773193359375,611.7343139648438,1725.751953125,462.76373291015625,1428.33837890625
